0.13422304227877513 -0.9909470694592739 -0.002842613499351999 1010.1102882349232 0.990680592477326 0.13425287130807212 -0.022981084271899856 610.6567106479714 0.023154667136542868 0.0002684690201172246 0.9997318587072139 0.0 0.0 0.0 0.0 1.0
0.1058422961497712 -0.9943807219930442 -0.002094773099086355 1010.1689386090809 0.9941215948429358 0.10586253867537714 -0.02270192881986618 611.0840731698407 0.022796118368751395 0.00032036509922549525 0.9997400833984408 0.0 0.0 0.0 0.0 1.0
0.07574312880529738 -0.9971258999077633 -0.0017082657631074711 1010.213448466129 0.9968613416046084 0.07576238104595677 -0.02296796100022639 611.5113097422874 0.023031371063069458 3.6761128006661e-05 0.9997347421169152 0.0 0.0 0.0 0.0 1.0
0.060820138534439454 -0.998147683861801 -0.0014532549583381716 1010.2298981903897 0.997881404842748 0.06083747937421028 -0.023054348233170274 611.7173320933107 0.02310005666043568 -4.800744605855913e-05 0.9997331569361747 0.0 0.0 0.0 0.0 1.0
0.02895580347682357 -0.9995799237845964 -0.0012399241079273217 1010.2539305089451 0.999300088427654 0.028977042704131793 -0.023657224363962778 612.1315307276016 0.023683215860510292 -0.0005540423312053248 0.9997193597823346 0.0 0.0 0.0 0.0 1.0
-0.004340145929350942 -0.9999896160657451 -0.001389566117233899 1010.2646323518546 0.9997094841698754 -0.004305976065815353 -0.02371509710966769 612.5436863801688 0.023708867415215794 -0.001492089408464526 0.9997177918168124 0.0 0.0 0.0 0.0 1.0
-0.021456910791137214 -0.9997693477588346 -0.0009231799257838803 1010.2642219746872 0.9994843733140457 -0.021428714268407856 -0.023912291940171183 612.7457909015482 0.02388699395759583 -0.001435787824550091 0.9997136340137572 0.0 0.0 0.0 0.0 1.0
-0.05618497590194161 -0.998420364531939 -0.00015546963565639228 1010.2537002863237 0.9981243327334217 -0.05616452396536082 -0.02435903637678284 613.1409470793723 0.024311826100876587 -0.0015237898981739079 0.9997032625614396 0.0 0.0 0.0 0.0 1.0
-0.091334530618527 -0.9958200193280811 0.000701870439603918 1010.230159369992 0.99551301765828 -0.09132383473032765 -0.02477476302718531 613.5246182998724 0.024735302496608793 -0.0015640701929379663 0.999692812065203 0.0 0.0 0.0 0.0 1.0
-0.10993494437283058 -0.9939383480427474 0.0009318239088218376 1010.2116479265571 0.993638348567685 -0.10992471525269555 -0.024482427009953314 613.7165382506062 0.024436453536193028 -0.001765578281533488 0.9996998261837926 0.0 0.0 0.0 0.0 1.0
-0.14777948109011393 -0.9890195203266032 0.001270189620535439 1010.1623049971316 0.9887603636491968 -0.14776995911171056 -0.022737248303856414 614.1111877533555 0.022675278279317583 -0.0021041856046569185 0.9997406684525225 0.0 0.0 0.0 0.0 1.0
-0.1860472579900048 -0.9825393950337228 0.001659819618868174 1010.0974879175083 0.9823167577502496 -0.18604064344632365 -0.021039639472093044 614.5115759237716 0.020981068548536996 -0.002283898606424343 0.9997772644793028 0.0 0.0 0.0 0.0 1.0
-0.2046047826807779 -0.9788429499254404 0.001833653569703558 1010.0616806220463 0.9786241582785787 -0.20459809181484212 -0.020841728797512348 614.708717153934 0.020775941319113804 -0.002469859710081067 0.9997811060703826 0.0 0.0 0.0 0.0 1.0
-0.24124844383783978 -0.9704612507476871 0.0020369445388690437 1009.9756887158287 0.9702508992862925 -0.24123901043098744 -0.020418919668225125 615.0979208957995 0.02030716080500189 -0.0029496853241751816 0.9997894371199002 0.0 0.0 0.0 0.0 1.0
-0.2778776800904957 -0.9606164150073699 0.0003132505581307735 1009.8753112572979 0.9604207209488848 -0.27782762480982803 -0.02009601116026956 615.4827158544201 0.01939158785526207 -0.005283380633410819 0.999798005703919 0.0 0.0 0.0 0.0 1.0
-0.29610624733761304 -0.955154863401541 -0.000526505479189199 1009.8177022664825 0.9549647237106881 -0.29603621003699143 -0.020123091589091726 615.6741043975279 0.019064804111372728 -0.006461367294743114 0.9997973714592758 0.0 0.0 0.0 0.0 1.0
-0.3323065846301711 -0.9431713955281605 -0.00022906089614787442 1009.6951715343332 0.9429802869636914 -0.33223434284618775 -0.020211873526154694 616.0545905363173 0.018987159063598547 -0.006932538570035119 0.9997956929791555 0.0 0.0 0.0 0.0 1.0
-0.3688888637310997 -0.9294661404615692 0.003701344438544314 1009.5571419870298 0.9292505075544645 -0.3688846607653118 -0.02043529451294867 616.4365548346595 0.020359283507733878 -0.0040988763747408135 0.9997843261361504 0.0 0.0 0.0 0.0 1.0
-0.386734835455061 -0.9221764385902897 0.0051752443880239045 1009.4831449393264 0.9219468879131877 -0.3867554973799512 -0.020835573272028014 616.620003155022 0.02121562897333882 -0.0032865415432407944 0.9997695213057605 0.0 0.0 0.0 0.0 1.0
-0.4230968921616761 -0.9060586639792547 0.006835003383977173 1009.315257349021 0.9057877950876454 -0.42313935057533913 -0.02239554118439768 616.9974715778792 0.023183833017704082 -0.003284421228808203 0.9997258236455628 0.0 0.0 0.0 0.0 1.0
-0.4591608275272952 -0.8883212557638215 0.007528680006322931 1009.1222077550905 0.888053340470093 -0.4592095419834458 -0.022087576400861328 617.3924302540735 0.023078105302635953 -0.003455880429346363 0.9997276918971982 0.0 0.0 0.0 0.0 1.0
-0.47707959692154933 -0.8788339732787877 0.0067753680483676896 1009.0182663393052 0.8785720192165632 -0.4771064186652946 -0.021924240422577502 617.5883185996676 0.02250033890638917 -0.004506958996424627 0.9997366763651825 0.0 0.0 0.0 0.0 1.0
-0.5113755521724327 -0.8593452587188035 0.004557516632152343 1008.8038763437539 0.8590680041087109 -0.5113337963767771 -0.02323602805104232 617.9679609366776 0.0222981828186891 -0.007967119958020536 0.9997196187144469 0.0 0.0 0.0 0.0 1.0
-0.5449838141460864 -0.8384297523312189 0.005309682155707035 1008.5738614579382 0.8381658923148545 -0.544954300005191 -0.022422039735403666 618.3404884488543 0.02169283934452863 -0.007769254253988953 0.9997344944581582 0.0 0.0 0.0 0.0 1.0
-0.5614663249171655 -0.8274776840547395 0.006020662373612393 1008.4523418645251 0.8272438363258616 -0.5614588158150694 -0.020775788899862705 618.5256410102996 0.02057185564997931 -0.006684350001690869 0.9997660317395124 0.0 0.0 0.0 0.0 1.0
-0.593620100506588 -0.8047263713163667 0.005535664597970681 1008.2011062656304 0.8045693361682191 -0.5936200647181324 -0.016834549648596684 618.8842932250753 0.016833287628365657 -0.005539501063543926 0.9998429648477742 0.0 0.0 0.0 0.0 1.0
-0.6222806123162491 -0.782783224068208 0.004154955197769423 1007.937367904213 0.7826760772272261 -0.622270131857748 -0.014072708834539352 619.2321488066236 0.013601384911652884 -0.005505189835260391 0.9998923418115385 0.0 0.0 0.0 0.0 1.0
-0.6357396800773748 -0.7718895130941238 0.004651747030477705 1007.7988464203343 0.7717900607561963 -0.6357380105526483 -0.013314805913329134 619.4049281457685 0.013234851456132459 -0.004874578328357353 0.999900533649751 0.0 0.0 0.0 0.0 1.0
-0.6609371838198425 -0.7504338469167959 0.0033287303817933055 1007.5059612047307 0.7503098573531025 -0.660897974064484 -0.015779285035370454 619.7556746061625 0.014041260736223771 -0.007931536996038054 0.9998699584035003 0.0 0.0 0.0 0.0 1.0
-0.6838044486813155 -0.7296604231456892 0.002672612672214988 1007.199349822487 0.7295053565563135 -0.6837266471608092 -0.018433847072274967 620.0961099699967 0.015277785156492125 -0.01065546137395155 0.9998265101624482 0.0 0.0 0.0 0.0 1.0
-0.6936733383163205 -0.7202825279202772 0.003221751366367572 1007.043625790109 0.7201114360086116 -0.693594208054192 -0.019146652012645864 620.263086036115 0.01602558700038165 -0.010961502016295293 0.9998114952503998 0.0 0.0 0.0 0.0 1.0
-0.7106090931489376 -0.7035790131148778 0.003359916418465444 1006.7152307896974 0.7033810798613721 -0.7105085188441556 -0.02080146973014843 620.602418179178 0.01702272678200088 -0.01241841190244167 0.9997779802629816 0.0 0.0 0.0 0.0 1.0
-0.7249187430314809 -0.688827320354665 0.0031206945813834317 1006.3776291927119 0.6885863510621673 -0.7247718412586898 -0.023550270685900147 620.9375184373354 0.0184838614079509 -0.014923164929099569 0.9997177831848102 0.0 0.0 0.0 0.0 1.0
-0.7310435128118155 -0.6823225889494199 0.0033566330038678656 1006.1953150755899 0.6820658383924452 -0.7308878366064394 -0.024272667730809837 621.1139833964195 0.019015111721273962 -0.015454931579286329 0.9996997402300892 0.0 0.0 0.0 0.0 1.0
-0.7412380202251824 -0.6712374700154011 0.0025409092812276636 1005.827034550354 0.6709993720850528 -0.7410663022506817 -0.024095193088368928 621.461307171994 0.018056578693563162 -0.016155324689537235 0.9997064396361858 0.0 0.0 0.0 0.0 1.0
-0.7490305387912298 -0.662535231532041 0.000564744991857296 1005.4450309609553 0.6623489968902397 -0.7488396692132079 -0.02308584265621694 621.8138305850657 0.015718087562241183 -0.01691794288438026 0.9997333269087051 0.0 0.0 0.0 0.0 1.0
-0.7523451245566406 -0.6587690682388526 0.00035817253919801986 1005.2508416918787 0.658591813574251 -0.7521550843499796 -0.02279368727202465 621.988617183153 0.015285177422351796 -0.016912829987613568 0.9997401259992409 0.0 0.0 0.0 0.0 1.0
-0.757004853212681 -0.6534086105428345 0.0009164501787110103 1004.8563017236978 0.6532216426599181 -0.7568203613650246 -0.02290035335955184 622.3386866387929 0.015656876225029804 -0.01673703354231248 0.9997373324704235 0.0 0.0 0.0 0.0 1.0
-0.7603217211179614 -0.6495462553893566 0.0007365499882929264 1004.4480635197237 0.649350614363893 -0.7601195963319555 -0.023706094097923194 622.6940389933426 0.015958070730993267 -0.017545979078109578 0.9997186997334474 0.0 0.0 0.0 0.0 1.0
-0.7617854558581094 -0.6478292290829416 0.00045737168016716443 1004.2390555240337 0.6476315671026156 -0.7615700907340135 -0.024173336377021706 622.8745670319903 0.01600851446145268 -0.01811868773360589 0.9997076775835771 0.0 0.0 0.0 0.0 1.0
-0.7638872116559362 -0.6453470527748703 0.001873324133109682 1003.8215744116974 0.6451191169770949 -0.7636885760019109 -0.024517010316649355 623.2326760672564 0.017252616590305296 -0.017519713438361496 0.9996976577254874 0.0 0.0 0.0 0.0 1.0
-0.7654676141721727 -0.6434675882861314 0.0029655486494172315 1003.4009543042587 0.6432078288410843 -0.7652750017715928 -0.025255901904855958 623.5903446327176 0.018520814536645287 -0.017425110866762246 0.9996766201828373 0.0 0.0 0.0 0.0 1.0
-0.7656679440293838 -0.643226969786598 0.003415380647569834 1003.1868077664784 0.6429731268163191 -0.7654959983953583 -0.024524164261795666 623.772338884165 0.01838906408337526 -0.016581368455132053 0.9996934032703692 0.0 0.0 0.0 0.0 1.0
-0.7653633734005634 -0.643588540745384 0.003563267901350298 1002.7647534418501 0.6433658954818667 -0.7652239552096263 -0.022641177181220027 624.1311435154885 0.01729830013976186 -0.015036242700984392 0.9997373056046832 0.0 0.0 0.0 0.0 1.0
-0.7650588698361921 -0.6439518390251802 0.0033097886727693707 1002.3457025264804 0.6437553440415203 -0.7649348950366195 -0.021299374950949322 624.4867493996526 0.01624754452074889 -0.014164581582447204 0.9997676639728061 0.0 0.0 0.0 0.0 1.0
-0.7649584184091709 -0.644072059350742 0.0031305700175019444 1002.1407226882424 0.6438814130260135 -0.7648345117573219 -0.021092548081337748 624.660804780863 0.015979488870559954 -0.014119206374073491 0.9997726261239613 0.0 0.0 0.0 0.0 1.0
-0.7641614456945927 -0.6450185577006263 0.002888794861918117 1001.709278418309 0.6448391234077504 -0.7640410620970167 -0.020585440301025097 625.0302101707676 0.015485148907079877 -0.013867791874226976 0.9997839239114915 0.0 0.0 0.0 0.0 1.0
-0.7638765003160168 -0.6453611396533264 0.0013006499577214703 1001.2762736031104 0.6452050648491665 -0.7637331684399451 -0.020544384090640713 625.4016883594427 0.014251896643453471 -0.014854186279988949 0.9997880958443255 0.0 0.0 0.0 0.0 1.0
-0.7636646853386768 -0.6456127770538316 0.0006248771244787667 1001.0535195887503 0.645468941119009 -0.7635142845054228 -0.020390767687338524 625.5918859601918 0.013641642763482361 -0.015168370413898622 0.9997918914062573 0.0 0.0 0.0 0.0 1.0
-0.7637455035118755 -0.6455174664572394 -7.977479650184336e-05 1000.6125835942503 0.6453941331783483 -0.7635971540706615 -0.019641770647127802 625.9692145222044 0.012618190217292737 -0.015052800198393187 0.9998070786315865 0.0 0.0 0.0 0.0 1.0
-0.763864642044527 -0.645373894945822 -0.0018287582251150696 1000.1704214836711 0.6452907615705687 -0.7637139289699044 -0.01846260352787756 626.3462653675779 0.010518634220388156 -0.015283010822845156 0.9998278791443689 0.0 0.0 0.0 0.0 1.0
-0.7638665405037133 -0.645367326522659 -0.0029869978045325134 999.9517911944615 0.6453052575593918 -0.7637090447276333 -0.018155428042666913 626.5326696449566 0.009435722817867392 -0.01579584939789927 0.9998307148096137 0.0 0.0 0.0 0.0 1.0
-0.764369790761989 -0.6447622587912977 -0.004522456060213738 999.5038092228415 0.6447175593879617 -0.7641830688211466 -0.019065831844540714 626.9134125674386 0.008836944455118198 -0.017489052731295147 0.9998080022920696 0.0 0.0 0.0 0.0 1.0
-0.7642648409058814 -0.6448739576442205 -0.006068913196619075 999.0458995356357 0.6448430748704803 -0.7640327960304244 -0.02076765228705559 627.3060769793433 0.008755669402853768 -0.019785483117985076 0.9997659090562631 0.0 0.0 0.0 0.0 1.0
-0.7642183302878898 -0.6449249758134938 -0.006489932507639333 998.8169322057958 0.6449005247502754 -0.7639780770345599 -0.02099549921757476 627.5026741637021 0.008582355667816257 -0.02023050623538616 0.9997585057345852 0.0 0.0 0.0 0.0 1.0
-0.7642521116308705 -0.6448706605409463 -0.007780812376563525 998.3609986082206 0.6448711167619766 -0.7639965571447976 -0.021225066243884424 627.8928782737048 0.0077429086212349235 -0.021238922862983702 0.9997444451067 0.0 0.0 0.0 0.0 1.0
-0.7640777442630077 -0.6450590814411469 -0.00916417875518843 997.9162452335257 0.6450900150452021 -0.7638140123096309 -0.021143015121862983 628.2730437676396 0.0066387657688820635 -0.02206662751229316 0.999734460113934 0.0 0.0 0.0 0.0 1.0
-0.7638442674978894 -0.6453248624123115 -0.009887212101669632 997.6920547890305 0.645370776701844 -0.7635720651448774 -0.02131342088087226 628.4665839865223 0.006204481434487271 -0.022661052114094495 0.999723952462484 0.0 0.0 0.0 0.0 1.0
-0.7631903668808899 -0.6460811625762375 -0.010935961976398123 997.2412343008199 0.6461418735528849 -0.7628754636013744 -0.022840890450138276 628.8558092587958 0.006414291993630103 -0.024498130523060255 0.9996792978045984 0.0 0.0 0.0 0.0 1.0
-0.7629769494520052 -0.646325329894917 -0.011390458337550176 996.7854059281237 0.6463859061788818 -0.762616047449311 -0.02453618686953204 629.2509811795784 0.007171812756795064 -0.026083176743210073 0.9996340495365114 0.0 0.0 0.0 0.0 1.0
-0.7627966801779275 -0.6465368589485673 -0.011459263957764155 996.5608330940794 0.6465992981782551 -0.7624358821059838 -0.024512716549966306 629.4446293893993 0.007111420738588555 -0.026107770839186507 0.9996338389614909 0.0 0.0 0.0 0.0 1.0
-0.7628359172245156 -0.6464787403905249 -0.012107915399132104 996.1178840244007 0.6465649975810961 -0.76249867462252 -0.023440885261821188 629.824894354852 0.005921764533421148 -0.025710103500007953 0.9996519010549771 0.0 0.0 0.0 0.0 1.0
-0.7627564563339193 -0.6465564260172582 -0.012937399147892296 995.6685309742036 0.6466767614974265 -0.7624870230918802 -0.02055980923266395 630.2122639449449 0.003428477814240008 -0.024048442616366704 0.9997049154363526 0.0 0.0 0.0 0.0 1.0
-0.7625768355990086 -0.6467453798086454 -0.014035081188733995 995.444305816226 0.6468943066389305 -0.7623236398710933 -0.019759153115093145 630.4051302668834 0.0020798668084360842 -0.024147086570831186 0.9997062530384617 0.0 0.0 0.0 0.0 1.0
-0.7620615616091226 -0.647295146193113 -0.01646724119888984 994.9912698306368 0.6475043843453344 -0.7618344353205649 -0.018610895017865423 630.7970381392159 -0.000498569388669906 -0.024845258594611248 0.9996911845934884 0.0 0.0 0.0 0.0 1.0
-0.7627941124127603 -0.6464344802750467 -0.01635863013701348 994.5528479506941 0.646640057123504 -0.762600539330514 -0.017235252714154693 631.1716961306137 -0.0013336385345112014 -0.023725094822563915 0.9997176307757706 0.0 0.0 0.0 0.0 1.0
-0.7630364469233601 -0.646148942476827 -0.016337833474929925 994.3348022784536 0.6463539799319035 -0.7628449950432917 -0.01714777430428906 631.359000340172 -0.0013832182636533633 -0.023644400467774027 0.9997194751697882 0.0 0.0 0.0 0.0 1.0
-0.7633423506903045 -0.6458272576762993 -0.014683626422346552 993.9016463504619 0.6459941336233517 -0.7631516765797852 -0.017061590127481662 631.7303848639649 -0.00018699415885649868 -0.022509370843579065 0.9997466145266065 0.0 0.0 0.0 0.0 1.0
-0.7636326033265632 -0.6455018877366826 -0.013876601351735527 993.4704491389734 0.6456506363710197 -0.7634321462445233 -0.017510392176595 632.0996023290522 0.0007091476524666027 -0.02233094285649732 0.9997503818957745 0.0 0.0 0.0 0.0 1.0
-0.7635907376279478 -0.6455630941375158 -0.013322045503751321 993.2555451022532 0.6456996806798541 -0.7633935542146628 -0.017384008554981237 632.2842938783728 0.0010525106847485421 -0.02187630844320339 0.9997601309064874 0.0 0.0 0.0 0.0 1.0
-0.7631032781049165 -0.6461567671392313 -0.012442637409622846 992.8336680522063 0.6462735527500106 -0.7628995944322438 -0.017739893770735694 632.6496890437139 0.0019702693748232312 -0.021578718573978545 0.999765210908689 0.0 0.0 0.0 0.0 1.0
-0.7632321839858734 -0.6459869937549265 -0.013320556580983297 992.3963223499472 0.646119899328833 -0.7629885156408562 -0.01943195027428408 633.0252017620052 0.0023893554472455046 -0.02343776652405567 0.9997224425213787 0.0 0.0 0.0 0.0 1.0
-0.7632441473255049 -0.645971769608189 -0.01337327344473417 992.1817257305318 0.6461067393456345 -0.7630089680255139 -0.019062950579401244 633.2097630216495 0.002110200349539649 -0.023190247560238103 0.9997288429732232 0.0 0.0 0.0 0.0 1.0
-0.7637772840170187 -0.6453411422164578 -0.013381725686348413 991.7649729348186 0.6454786982148832 -0.7635722746825834 -0.017737854630305444 633.5672415539264 0.001229052646087388 -0.022185389309716225 0.9997531184901454 0.0 0.0 0.0 0.0 1.0
-0.7638959451056463 -0.6451927570832543 -0.013758315974697592 991.3538776325775 0.645339428814396 -0.7637250135967399 -0.016159369547353638 633.9203560184101 -8.166186385988903e-05 -0.021222860645246432 0.9997747663935972 0.0 0.0 0.0 0.0 1.0
-0.7637702975103328 -0.6453259499925428 -0.014468963584189292 991.1507546536529 0.6454872748151207 -0.7636139730843226 -0.01548800058512919 634.0948927813364 -0.0010538940778516128 -0.021168806688101886 0.9997753602338254 0.0 0.0 0.0 0.0 1.0
-0.7643143612910672 -0.6446517622536513 -0.01573729797293556 990.7495081754142 0.6448392077480094 -0.7641735886611579 -0.014870189764968175 634.434969857657 -0.002439933430775189 -0.021513526349450748 0.9997655799780585 0.0 0.0 0.0 0.0 1.0
-0.7637182639371197 -0.6453409147306264 -0.016416976076867682 990.3548870946515 0.6455438800158667 -0.7635723548494556 -0.015177545378466358 634.7747118713166 -0.002740858064615966 -0.022189247042058022 0.9997500312642028 0.0 0.0 0.0 0.0 1.0
-0.7631553268410656 -0.6460190954825127 -0.01591462805290637 990.1543898468157 0.6462104203060138 -0.7630120032896441 -0.014992515594412994 634.94767460193 -0.0024576008689475098 -0.021725816621706532 0.9997609459716302 0.0 0.0 0.0 0.0 1.0
-0.762514809492406 -0.646748146648406 -0.01697056603685961 989.7560209064445 0.6469673785105248 -0.7623332712029196 -0.016768862819965383 635.2904193540851 -0.002091996170830381 -0.023765908859277 0.9997153620546768 0.0 0.0 0.0 0.0 1.0
-0.7622413631219214 -0.6471372424184703 -0.014194851920771405 989.351802824456 0.6472928955368592 -0.7620543774423063 -0.01688292653916948 635.6328449164266 0.00010832148114256635 -0.02205709174021689 0.9997567068894411 0.0 0.0 0.0 0.0 1.0
-0.7618626018371614 -0.6476051259032656 -0.013152065454742816 989.1483534699502 0.6477375721268177 -0.7616669840375335 -0.017304423781875376 635.8058212842307 0.001188939513166673 -0.02170268027186053 0.9997637621417627 0.0 0.0 0.0 0.0 1.0
-0.7609058240805257 -0.6486985081013644 -0.014579865136573469 988.7566045903152 0.6488615962478681 -0.76067899159732 -0.01860378072203074 636.1427949842009 0.0009776476897126376 -0.023616039666905897 0.9997206244123638 0.0 0.0 0.0 0.0 1.0
-0.7606202233226735 -0.6490449048453415 -0.014056577352509751 988.3657893440474 0.649196765433292 -0.7604194993281693 -0.017485559540569427 636.4787753204015 0.0006600178155132879 -0.022425354752982025 0.9997483022444625 0.0 0.0 0.0 0.0 1.0
-0.7597719992667561 -0.6500208841924534 -0.014810781338486765 987.797360350309 0.6501879639270739 -0.75952192957795 -0.01954610075060204 636.9698077361014 0.0014562604716565576 -0.024480371807794183 0.9996992501255514 0.0 0.0 0.0 0.0 1.0
-0.7587948770548331 -0.65116399766418 -0.014689543946072931 987.4133215068229 0.6513286221327526 -0.7585602683787747 -0.018903577115737338 637.3019268846733 0.0011664244467417453 -0.02391165789158668 0.9997133949642192 0.0 0.0 0.0 0.0 1.0
-0.7582002238214125 -0.6518478814352222 -0.015058554564503267 987.2240113487753 0.6520210558139913 -0.7579623648691824 -0.019015683451410744 637.466560332187 0.0009815153426223887 -0.024236190095156773 0.9997057785755284 0.0 0.0 0.0 0.0 1.0
-0.7560711823736043 -0.6542867667453997 -0.016284779581895007 986.8539497633117 0.6544872364711147 -0.7557707216911582 -0.02137927807081192 637.7887402396692 0.0016806191071121299 -0.026822436434388537 0.9996388009792037 0.0 0.0 0.0 0.0 1.0
-0.7536445692354271 -0.6571076113931944 -0.015147617339986513 986.4940809569673 0.6572750513530916 -0.7533289094447121 -0.022024101880261767 638.1059100545738 0.003061066928201322 -0.026554495739363648 0.9996426804740229 0.0 0.0 0.0 0.0 1.0
-0.7524078296393036 -0.6585325358039793 -0.014743038528482657 986.3167026918301 0.658688635779573 -0.7520927467042685 -0.022040450305580533 638.2640669468643 0.0034262212883421606 -0.026294479314266716 0.9996483688604078 0.0 0.0 0.0 0.0 1.0
-0.7497411939747319 -0.6615897641552493 -0.013679401388399301 985.9705050766458 0.6617227372593383 -0.7494670623570906 -0.02054608079030206 638.5715144800763 0.0033408159710035077 -0.024456214074023146 0.9996953198559116 0.0 0.0 0.0 0.0 1.0
-0.7468649383588315 -0.6648432514655777 -0.013274593437772065 985.6271144896457 0.6649715796505202 -0.7466406141958455 -0.018455120978822796 638.8782446648568 0.0023584120401728657 -0.02261071015978697 0.9997415634446332 0.0 0.0 0.0 0.0 1.0
-0.7451038650734717 -0.6668171869179905 -0.013231382518509952 985.4582092194936 0.6669449948962398 -0.7448895438834373 -0.01799836648084983 639.0310978820454 0.0021457016167191712 -0.022235256776167844 0.9997504635261091 0.0 0.0 0.0 0.0 1.0
-0.7413713147400223 -0.6709645405012931 -0.013234767490958766 985.1272689809985 0.6710911310375501 -0.7411553522484523 -0.018039891247306945 639.3319679828409 0.0022951085797546923 -0.022255992976309483 0.9997496702941422 0.0 0.0 0.0 0.0 1.0
-0.7376823858243272 -0.6750187310801444 -0.013206450525415357 984.7996957419698 0.6751442724599419 -0.7374730800077661 -0.017710664256174742 639.6341948365144 0.0022156283678413003 -0.021981104494788385 0.999755931233281 0.0 0.0 0.0 0.0 1.0
-0.7359339429206847 -0.6769300548838544 -0.012920234214413424 984.6418944113384 0.6770500082006999 -0.7357363948159976 -0.017182658076958145 639.781596279862 0.0021255711339949446 -0.021392945989257332 0.999768885197601 0.0 0.0 0.0 0.0 1.0
-0.7324134569194525 -0.6807480313430528 -0.012354996797002412 984.3250701772781 0.6808581293327103 -0.7322466172747503 -0.015719389658846544 640.0787408328657 0.0016540389531287413 -0.019925092527818388 0.9998001074429317 0.0 0.0 0.0 0.0 1.0
-0.7289306849749476 -0.6844825312265168 -0.01198836718213732 984.0111198918885 0.6845862035855298 -0.7287833301408926 -0.014716914387944167 640.3761114191927 0.0013365486541541442 -0.01893468126193055 0.9998198295108992 0.0 0.0 0.0 0.0 1.0
-0.7272343930000529 -0.6862893719876083 -0.011706217779363409 983.8543437831946 0.6863881393271738 -0.7270974739509675 -0.014162823344998854 640.5265589859845 0.0012082337621156633 -0.01833470127860316 0.9998311751991931 0.0 0.0 0.0 0.0 1.0
-0.7241637619422153 -0.6895334361393766 -0.011423061565207676 983.5450315088921 0.6896273863011432 -0.7240407530543903 -0.013381180063250633 640.8247935959316 0.0009560089707533009 -0.017567821784600965 0.9998452168633863 0.0 0.0 0.0 0.0 1.0
-0.7205535955900477 -0.6933092063793842 -0.011174087517233786 983.2371642198249 0.6933986614412743 -0.7204384754982933 -0.01291120959262554 641.1231964898147 0.0009012179000606893 -0.017051315822660604 0.9998542095900846 0.0 0.0 0.0 0.0 1.0
-0.7188270001278134 -0.6950968981550338 -0.011315744009918102 983.0837245324498 0.6951887612261611 -0.718718069007496 -0.012526912906653587 641.2712971224029 0.0005745886206816882 -0.01687126128615951 0.9998575050428588 0.0 0.0 0.0 0.0 1.0
-0.7154878519150872 -0.698536812800942 -0.011111027127783241 982.7840177364172 0.6986251345058516 -0.7153919690083991 -0.011715464778025361 641.5633663427355 0.00023494385187294305 -0.016144715549861972 0.9998696379834718 0.0 0.0 0.0 0.0 1.0
-0.7120290838839032 -0.7020678551147683 -0.01073827351099727 982.4904251633087 0.7021499475657289 -0.711941720781791 -0.011155148753160003 641.8524385420644 0.00018664643697230312 -0.01548266852999438 0.9998801188834073 0.0 0.0 0.0 0.0 1.0
-0.7101074869462997 -0.7040178330478915 -0.010307654115362852 982.3471983437927 0.7040932576138053 -0.7100271195569623 -0.01068522701783468 641.9953619860661 0.00020387640980020023 -0.014845209469527467 0.9998897830212163 0.0 0.0 0.0 0.0 1.0
-0.7063585505084788 -0.7077724857870547 -0.010756694955874752 982.0648756712628 0.707854202984627 -0.7062735459502867 -0.01095927040483962 642.2785871105395 0.000159500967654617 -0.015355346092532467 0.999882087001172 0.0 0.0 0.0 0.0 1.0
-0.7026645479334108 -0.7114462793610542 -0.010330762839623003 981.7833206383809 0.711521239141128 -0.7025854685125956 -0.010544462338626876 642.5633091662412 0.0002435746489098106 -0.0147597770392938 0.9998910388903087 0.0 0.0 0.0 0.0 1.0
-0.7007250751517539 -0.7133682317023358 -0.009493948148727886 981.6431264185935 0.7134310219771284 -0.7006488696101426 -0.010360424445877803 642.7055395041638 0.0007388736280980009 -0.014033086328786599 0.9999012584019732 0.0 0.0 0.0 0.0 1.0
-0.6973940987986575 -0.7166478641877125 -0.007570318090947192 981.3633438598312 0.7166847224407592 -0.6973209567046269 -0.010319494200579314 642.9928276280152 0.00211650202460501 -0.012622285677869728 0.9999180958075746 0.0 0.0 0.0 0.0 1.0
-0.6936873477917257 -0.7202594057629756 -0.0049246242137361215 981.0794719234522 0.7202671599633264 -0.693628055452092 -0.009764167558655817 643.2890954344233 0.0036168760063614892 -0.010320324593472308 0.9999402027662656 0.0 0.0 0.0 0.0 1.0
-0.6915944798225927 -0.7222693602548234 -0.004903745099925092 980.9434943563515 0.7222757280393967 -0.6915324792604765 -0.010030095364338418 643.4327744146982 0.003853331555482969 -0.01047861464823865 0.9999376732931791 0.0 0.0 0.0 0.0 1.0
-0.6873363563695379 -0.7263289557757886 -0.00387055736297978 980.6702551684992 0.726325879460271 -0.6872815712082585 -0.009734408239403382 643.7249005078595 0.004410219825740655 -0.009502098671352845 0.9999451285355254 0.0 0.0 0.0 0.0 1.0
-0.6835613932249978 -0.729884120523393 -0.003604483332375251 980.4008745853711 0.7298768641492649 -0.6835050691643427 -0.010029137863395862 644.0156732931017 0.004856425839635682 -0.00948636044226079 0.9999432104342845 0.0 0.0 0.0 0.0 1.0
-0.681733512013293 -0.7315890107345254 -0.0041155765693938855 980.258332886071 0.7315842375792388 -0.6816698823756452 -0.010520208532952042 644.1679420806029 0.004891004357376608 -0.01018286965700062 0.999936191585205 0.0 0.0 0.0 0.0 1.0
-0.677368002525513 -0.7356332713751058 -0.004034749131893058 979.9778529258506 0.7356269546464129 -0.6773041076992966 -0.010589111922382032 644.4712072725667 0.005056950883851689 -0.010140795808039756 0.9999357936928444 0.0 0.0 0.0 0.0 1.0
-0.6730329923561591 -0.7395939253344559 -0.005236106233104752 979.694573466849 0.7395974321900264 -0.672957321286644 -0.011139211131078425 644.7813968313125 0.004714816860961086 -0.011369667324715223 0.9999242477142416 0.0 0.0 0.0 0.0 1.0
-0.6712437686955068 -0.7412171294295155 -0.0053823812314985515 979.5556413373614 0.7412251634718451 -0.6711751887847673 -0.01044619528190607 644.9351756209352 0.004130378141151937 -0.01100149989774116 0.9999309511043303 0.0 0.0 0.0 0.0 1.0
-0.6678213769137598 -0.7443069813248321 -0.0046611251994886456 979.2807757136817 0.744313863154344 -0.6677728538855844 -0.008734341976229867 645.2440046948599 0.003388458833405876 -0.009302320388878939 0.9999509913901362 0.0 0.0 0.0 0.0 1.0
-0.6646811249814495 -0.7471161455090563 -0.004057981405296383 979.0096766425966 0.7471210943527582 -0.6646440221976544 -0.007641605201866538 645.551063046642 0.003012053540701003 -0.008111034250628922 0.999962568627873 0.0 0.0 0.0 0.0 1.0
-0.6633454723262708 -0.7483048483082314 -0.003555044673633498 978.8712547643989 0.7483063549080424 -0.6633113789952293 -0.007457459331865117 645.7071664413818 0.0032223513892386505 -0.0076071344041119555 0.9999658733965288 0.0 0.0 0.0 0.0 1.0
-0.661167034666102 -0.7502346259936684 -0.002481578323214993 978.5970627220781 0.7502277602512111 -0.6611358629844325 -0.007594631280156605 646.0184947347914 0.004057094931745899 -0.006883068790197102 0.9999680811629662 0.0 0.0 0.0 0.0 1.0
-0.6598342267448004 -0.7514089193165072 -0.001851806601890428 978.3190242101317 0.751401914536815 -0.6598118157955503 -0.006597769849613966 646.3371155071721 0.0037357792361019516 -0.005744885392972569 0.999976519847002 0.0 0.0 0.0 0.0 1.0
-0.6596227737404019 -0.7515945856571755 -0.0018371646189814452 978.1784868647237 0.7515897446961858 -0.6596039696733336 -0.005954734142038677 646.4978147270303 0.003263744864560638 -0.005308672338603356 0.9999805827952164 0.0 0.0 0.0 0.0 1.0
-0.6587345438890264 -0.7523718783874634 -0.0023145839875554687 977.9017424078357 0.7523702018301562 -0.6587153636336093 -0.005757526473331828 646.8154592093772 0.0028071489745830863 -0.005534105597209194 0.9999807466095898 0.0 0.0 0.0 0.0 1.0
-0.6587576223014648 -0.7523468002401675 -0.0035619135451354037 977.6070076187842 0.75235274492594 -0.6587358887343302 -0.005689999630642698 647.1526980658338 0.001934492730732149 -0.0064281460604499 0.9999774680842071 0.0 0.0 0.0 0.0 1.0
-0.6590184015041075 -0.7521171080087596 -0.0038212981446585667 977.455911008165 0.7521252711301593 -0.6589982470471086 -0.0053746549863368165 647.3248198568866 0.0015241411860941424 -0.006416091440852269 0.9999782551457143 0.0 0.0 0.0 0.0 1.0
-0.6588497461807692 -0.7522650724377085 -0.003777929039149744 977.1488168300392 0.7522742947744459 -0.6588369982617412 -0.004146702674222859 647.6771902947784 0.0006303801598026179 -0.005574092908033123 0.9999842659307727 0.0 0.0 0.0 0.0 1.0
-0.6587968287780608 -0.7523198571490716 -0.0012533679311751721 976.8456488404806 0.7523208991681671 -0.6587957900923553 -0.001171166678797022 648.0268225906304 5.537843199535979e-05 -0.0017144957829322628 0.9999985287176374 0.0 0.0 0.0 0.0 1.0
-0.659393190757147 -0.7517982459098352 0.00013202273731996073 976.693605474674 0.7517982343268441 -0.6593932038667887 -0.00013250407787393455 648.2016315082508 0.0001866712290661966 1.1882174110516058e-05 0.9999999825063325 0.0 0.0 0.0 0.0 1.0
-0.6612559520660457 -0.7501602560759792 0.00039504588159232704 976.3931453690668 0.7501602863113314 -0.6612560289025255 -9.529618833036141e-05 648.5457285508078 0.00033271388393700817 0.00023333255989875404 0.9999999174286904 0.0 0.0 0.0 0.0 1.0
-0.6618894142081534 -0.7496014950531276 4.4421874510546085e-05 976.086276772539 0.749601394080467 -0.6618893536845653 -0.00048318903997728176 648.8967687481085 0.00039160159256949813 -0.00028651901156159017 0.999999882277517 0.0 0.0 0.0 0.0 1.0
-0.6625477198546051 -0.7490196468330528 0.0002959282886504236 975.9289729791984 0.7490196287699723 -0.6625477790459235 -0.00019025931391014798 649.0754505155876 0.0003385745945138772 9.560022229520338e-05 0.9999999381139185 0.0 0.0 0.0 0.0 1.0
-0.6651747524923116 -0.7466877031727263 -0.0001502578779138011 975.6163322042344 0.746687717134431 -0.6651747267930731 -0.00018951604630732248 649.4311435998902 4.156155844177107e-05 -0.00023825700103671495 0.9999999707531185 0.0 0.0 0.0 0.0 1.0
-0.6693673237494425 -0.7429315659303809 0.00027247154274879105 975.3027063642053 0.7429316041869792 -0.6693673332947027 6.79566076948736e-05 649.7828676504021 0.00013189644099838278 0.00024791565297346867 0.9999999605705784 0.0 0.0 0.0 0.0 1.0
-0.6718011356229252 -0.7407313959259654 0.0004829754838151056 975.1388956924997 0.7407314866259093 -0.6718012090933303 1.3479958940341844e-05 649.9634150334286 0.00031447848518652006 0.00036681099985450314 0.9999998832764792 0.0 0.0 0.0 0.0 1.0
-0.6756619803187639 -0.7372090846698889 0.0019114999116134981 974.8093131354093 0.7372097972169313 -0.6756637656393987 -0.00043667992877362196 650.3268944424875 0.001613455638885067 0.001114128436780126 0.999998077737517 0.0 0.0 0.0 0.0 1.0
-0.6801557115805688 -0.7330540888332475 0.004462157458763111 974.47507599044 0.7330602061467411 -0.6801636535243494 -0.0003722747717412422 650.692641828456 0.003307894863347627 0.003017825254302947 0.9999899752309055 0.0 0.0 0.0 0.0 1.0
-0.6824362912579922 -0.7309251917931269 0.005391880582644142 974.3113034269898 0.7309334062675801 -0.6824485142368228 -0.0006172665760047168 650.8702584862352 0.004130856583021604 0.003519860527613929 0.999985273194439 0.0 0.0 0.0 0.0 1.0
-0.6869294806808853 -0.7266758213850956 0.008374914076349143 973.9819801636215 0.7267038739560729 -0.6869507030554439 0.0004595093769450428 651.2259809492517 0.005419238758851285 0.006401733041005023 0.9999648242140055 0.0 0.0 0.0 0.0 1.0
-0.6920632087529638 -0.7217559977521312 0.010807164261652444 973.6409650274342 0.7218066532864312 -0.6920937062545142 0.0012070767717145053 651.5864701432944 0.006608355468216143 0.008636056491063982 0.9999408723351045 0.0 0.0 0.0 0.0 1.0
-0.6951229276574852 -0.7187911118215596 0.011977187116009933 973.4592794894539 0.7188548095882328 -0.6951584856000464 0.0015628915876548409 651.7765558204795 0.007202650675366871 0.009696260339703847 0.99992704951845 0.0 0.0 0.0 0.0 1.0
-0.7007084371183935 -0.7132972211838329 0.014654705814915776 973.0977711355798 0.7134029094597315 -0.7007468543507598 0.0031835344989769427 652.1535797261112 0.007998432689574895 0.012685439248927973 0.999887546029839 0.0 0.0 0.0 0.0 1.0
-0.7064898366313468 -0.7075051103339137 0.017567856670908957 972.7328171025098 0.7076752473470712 -0.7065132203401754 0.005900320060522639 652.5305866142234 0.008237416395613045 0.016600853470574686 0.9998282635708863 0.0 0.0 0.0 0.0 1.0
-0.7095849347927302 -0.7044128437441103 0.0170811558019885 972.5437504108257 0.7045844792069536 -0.7095838422085271 0.007175133256561079 652.7229102715338 0.00706625614184035 0.017126483728982952 0.9998283610596462 0.0 0.0 0.0 0.0 1.0
-0.7155642369919655 -0.6983816268581258 0.015196249705203415 972.1674381907266 0.6985354157113576 -0.7155080409831501 0.009824270223001044 653.1014106418922 0.00401194903582756 0.0176450150312025 0.9998362654502394 0.0 0.0 0.0 0.0 1.0
-0.7215004824329381 -0.6922780570572825 0.013716616420643148 971.7768666121409 0.6924112980255772 -0.7214108003678227 0.011534794284784461 653.4882806916618 0.0019100302543285602 0.017819899821573157 0.9998393885793738 0.0 0.0 0.0 0.0 1.0
-0.7244704790922109 -0.6891747136805486 0.013443918596773527 971.5804801346815 0.6893038618454106 -0.7243771962882894 0.011741530671962347 653.6796526978322 0.0016465020212377715 0.017773337358283774 0.9998406860646565 0.0 0.0 0.0 0.0 1.0
-0.7304442569695815 -0.6828238106041132 0.014241879519007532 971.1827645274928 0.6829694910134388 -0.7303424045319529 0.012355018710199197 654.0631990853637 0.001965147577183 0.018751421667788024 0.9998222453918678 0.0 0.0 0.0 0.0 1.0
-0.7361224624518269 -0.6766652759955226 0.015742443767152985 970.7693679450136 0.6768431043718812 -0.7360093730862968 0.013176296647810993 654.4550335831154 0.002670643760118644 0.02035453244414198 0.9997892581293754 0.0 0.0 0.0 0.0 1.0
-0.7389851382464732 -0.6735107453082299 0.016859460406337748 970.5657773146552 0.6737146405588285 -0.7388607242967409 0.01390730701406256 654.645940876324 0.0030900724148072863 0.02163575850409481 0.9997611441771594 0.0 0.0 0.0 0.0 1.0
-0.7447547073499363 -0.6670727357530805 0.018825278085912014 970.1450407500361 0.6673246391578793 -0.7446236576741708 0.014609394400375673 655.0347433789957 0.004272218734710884 0.023442987156939543 0.9997160469354499 0.0 0.0 0.0 0.0 1.0
-0.7500674139636913 -0.6611204108561064 0.017851522603776017 969.7156047974582 0.6613422480987601 -0.7499777423361075 0.012641870119288575 655.4243524216724 0.005030446252388331 0.021288220918806708 0.9997607245039252 0.0 0.0 0.0 0.0 1.0
-0.752513834431448 -0.6583600971932523 0.01687931909085153 969.5046882689743 0.6585567288073884 -0.7524424172060739 0.011551784779542378 655.6131207491896 0.0050954815072979 0.019808867023947557 0.9997908005455124 0.0 0.0 0.0 0.0 1.0
-0.7567005142300365 -0.6535930617186206 0.014847270364536142 969.0780738444091 0.6537503883842971 -0.75662575063649 0.011309427976182248 655.9952846828755 0.0038420634272308915 0.018264258732486837 0.9998258125301496 0.0 0.0 0.0 0.0 1.0
-0.7596998494572003 -0.6501388100340272 0.013253921014046472 968.6333153900629 0.6502704671348513 -0.7596042101028696 0.012237792538605187 656.3861942734475 0.002111470324148523 0.017915682558439228 0.9998372717655287 0.0 0.0 0.0 0.0 1.0
-0.7608007804382088 -0.6488495520238158 0.013282745315068718 968.4109126303532 0.6489827668709124 -0.7606975612292416 0.012672357494101047 656.5802593238818 0.0018816984844688002 0.018261412277719016 0.9998314758160175 0.0 0.0 0.0 0.0 1.0
-0.7625481205251182 -0.6468018646497181 0.012950357881471256 967.965532349769 0.6469289065848433 -0.7624489310391077 0.012434523805183964 656.9672156310162 0.0018313133400773482 0.01785988362141047 0.9998388224351368 0.0 0.0 0.0 0.0 1.0
-0.7635912068584734 -0.6455752231069204 0.012692522163458255 967.5098693045309 0.6456979493389284 -0.7634906047639277 0.012500186267190311 657.3612122752097 0.001620810884238851 0.017740567850603465 0.999841310020953 0.0 0.0 0.0 0.0 1.0
-0.7643550681499742 -0.644664583984255 0.012996305238667568 967.276527369408 0.6447938385103671 -0.7642444757313942 0.013087671034745386 657.562061823914 0.0014951964806337497 0.0183835652269801 0.9998298899898075 0.0 0.0 0.0 0.0 1.0
-0.7652767551878873 -0.6435607339153784 0.01345621534449065 966.8099795288123 0.6436994865627895 -0.7651581803291125 0.013562082223678495 657.9600296322723 0.001568109657815906 0.019040505186054976 0.999817483441033 0.0 0.0 0.0 0.0 1.0
-0.7655481989711359 -0.6432377747788472 0.013458088631232415 966.3369199997637 0.6433754858156311 -0.7654415833414336 0.012929297864106824 658.3618506131774 0.001984767883078911 0.01855660500509732 0.9998258413879559 0.0 0.0 0.0 0.0 1.0
-0.7659891405510474 -0.6427042243327384 0.013853396071754072 966.1010124207279 0.6428486138516725 -0.7658895397737554 0.012604464848963028 658.5607471810926 0.0025092283378172274 0.018560519658628382 0.9998245900572512 0.0 0.0 0.0 0.0 1.0
-0.7661399703736833 -0.6425217791284046 0.013975304700882835 965.6332099482096 0.6426690461034623 -0.7660363808944679 0.012835899912850467 658.9588238600983 0.002458246586242916 0.018815591720072414 0.9998199490568018 0.0 0.0 0.0 0.0 1.0
-0.7667824088852466 -0.6417606252213023 0.013712670772067835 965.1680582755939 0.6419063275165786 -0.7666398416160086 0.014819579655358541 659.3543934308464 0.0010020570436907652 0.020165643122544593 0.9997961505822759 0.0 0.0 0.0 0.0 1.0
-0.7673537415281113 -0.6410858988038476 0.013308107215954315 964.9337712251756 0.6412239591919391 -0.7671969287651845 0.015514723699861623 659.5529180909152 0.00026366839593879276 0.020438758478228722 0.9997910719899661 0.0 0.0 0.0 0.0 1.0
-0.767698592510516 -0.6406834799703259 0.012788649283114977 964.461299924551 0.6408111012503547 -0.767547555402139 0.015227695508797027 659.9537809626285 5.97635436456355e-05 0.019885388839899647 0.9998022643198031 0.0 0.0 0.0 0.0 1.0
